# x_local, y_local
455317.7216,4443618.0986
455317.7703,4443618.1082
455317.8194,4443618.1158
455317.8688,4443618.1217
455317.9185,4443618.1262
455317.9683,4443618.1299
455318.0181,4443618.1335
455318.0680,4443618.1366
455318.1179,4443618.1397
455318.1677,4443618.1420
455318.2175,4443618.1439
455318.2674,4443618.1457
455318.3173,4443618.1471
455318.3672,4443618.1485
455318.4170,4443618.1500
455318.4669,4443618.1515
455318.5168,4443618.1519
455318.5668,4443618.1519
455318.6167,4443618.1502
455318.6665,4443618.1468
455318.7162,4443618.1433
455318.7657,4443618.1398
455318.8153,4443618.1363
455318.8649,4443618.1330
455318.9146,4443618.1305
455318.9644,4443618.1305
455319.0142,4443618.1315
455319.0640,4443618.1347
455319.1138,4443618.1372
455319.1633,4443618.1373
455319.2126,4443618.1359
455319.2620,4443618.1327
455319.3113,4443618.1274
455319.3606,4443618.1202
455319.4101,4443618.1125
455319.4596,4443618.1064
455319.5092,4443618.1010
455319.5590,4443618.0974
455319.6088,4443618.0943
455319.6587,4443618.0914
455319.7086,4443618.0893
455319.7587,4443618.0872
455319.8086,4443618.0857
455319.8585,4443618.0846
455319.9084,4443618.0842
455319.9583,4443618.0833
455320.0082,4443618.0832
455320.0580,4443618.0842
455320.1077,4443618.0859
455320.1575,4443618.0875
455320.2073,4443618.0884
455320.2570,4443618.0897
455320.3066,4443618.0929
455320.3562,4443618.0972
455320.4058,4443618.1015
455320.4554,4443618.1060
455320.5048,4443618.1120
455320.5542,4443618.1190
455320.6035,4443618.1269
455320.6529,4443618.1346
455320.7026,4443618.1403
455320.7519,4443618.1474
455320.8009,4443618.1558
455320.8497,4443618.1640
455320.8987,4443618.1709
455320.9475,4443618.1779
455320.9964,4443618.1846
455321.0453,4443618.1911
455321.0943,4443618.1995
455321.1435,4443618.2073
455321.1930,4443618.2124
455321.2423,4443618.2182
455321.2915,4443618.2241
455321.3409,4443618.2284
455321.3905,4443618.2307
455321.4402,4443618.2319
455321.4901,4443618.2327
455321.5399,4443618.2352
455321.5897,4443618.2395
455321.6394,4443618.2431
455321.6891,4443618.2468
455321.7388,4443618.2521
455321.7883,4443618.2569
455321.8379,4443618.2606
455321.8876,4443618.2627
455321.9373,4443618.2638
455321.9871,4443618.2653
455322.0367,4443618.2686
455322.0864,4443618.2716
455322.1361,4443618.2748
455322.1858,4443618.2793
455322.2355,4443618.2846
455322.2853,4443618.2887
455322.3350,4443618.2921
455322.3849,4443618.2950
455322.4348,4443618.2974
455322.4847,4443618.2996
455322.5346,4443618.3024
455322.5846,4443618.3048
455322.6345,4443618.3072
455322.6844,4443618.3103
455322.7342,4443618.3138
455322.7840,4443618.3179
455322.8338,4443618.3228
455322.8837,4443618.3270
455322.9334,4443618.3294
455322.9832,4443618.3292
455323.0329,4443618.3271
455323.0826,4443618.3244
455323.1323,4443618.3210
455323.1821,4443618.3179
455323.2318,4443618.3170
455323.2815,4443618.3185
455323.3313,4443618.3217
455323.3811,4443618.3245
455323.4309,4443618.3265
455323.4808,4443618.3273
455323.5306,4443618.3269
455323.5805,4443618.3258
455323.6304,4443618.3234
455323.6803,4443618.3202
455323.7302,4443618.3175
455323.7801,4443618.3158
455323.8301,4443618.3143
455323.8800,4443618.3119
455323.9299,4443618.3103
455323.9798,4443618.3096
455324.0297,4443618.3084
455324.0795,4443618.3062
455324.1293,4443618.3032
455324.1791,4443618.3010
455324.2288,4443618.2993
455324.2786,4443618.2982
455324.3283,4443618.2965
455324.3780,4443618.2938
455324.4277,4443618.2918
455324.4776,4443618.2909
455324.5274,4443618.2891
455324.5771,4443618.2859
455324.6269,4443618.2817
455324.6766,4443618.2785
455324.7263,4443618.2758
455324.7760,4443618.2736
455324.8257,4443618.2720
455324.8754,4443618.2720
455324.9253,4443618.2733
455324.9753,4443618.2755
455325.0252,4443618.2766
455325.0750,4443618.2764
455325.1249,4443618.2743
455325.1748,4443618.2716
455325.2246,4443618.2689
455325.2746,4443618.2663
455325.3245,4443618.2649
455325.3745,4443618.2655
455325.4245,4443618.2669
455325.4745,4443618.2683
455325.5244,4443618.2693
455325.5743,4443618.2694
455325.6242,4443618.2688
455325.6742,4443618.2681
455325.7241,4443618.2673
455325.7740,4443618.2660
455325.8240,4443618.2647
455325.8739,4443618.2635
455325.9238,4443618.2618
455325.9737,4443618.2595
455326.0236,4443618.2563
455326.0735,4443618.2526
455326.1233,4443618.2481
455326.1730,4443618.2425
455326.2225,4443618.2367
455326.2720,4443618.2309
455326.3215,4443618.2255
455326.3709,4443618.2200
455326.4204,4443618.2142
455326.4698,4443618.2085
455326.5194,4443618.2030
455326.5691,4443618.1987
455326.6188,4443618.1942
455326.6685,4443618.1891
455326.7182,4443618.1847
455326.7679,4443618.1805
455326.8177,4443618.1766
455326.8674,4443618.1714
455326.9168,4443618.1642
455326.9659,4443618.1548
455327.0147,4443618.1441
455327.0634,4443618.1329
455327.1122,4443618.1221
455327.1610,4443618.1122
455327.2101,4443618.1036
455327.2594,4443618.0964
455327.3090,4443618.0904
455327.3586,4443618.0842
455327.4080,4443618.0771
455327.4571,4443618.0685
455327.5059,4443618.0577
455327.5543,4443618.0447
455327.6025,4443618.0315
455327.6507,4443618.0188
455327.6993,4443618.0078
455327.7481,4443617.9980
455327.7970,4443617.9885
455327.8456,4443617.9784
455327.8940,4443617.9671
455327.9422,4443617.9552
455327.9904,4443617.9427
455328.0383,4443617.9291
455328.0861,4443617.9152
455328.1337,4443617.9004
455328.1814,4443617.8863
455328.2295,4443617.8738
455328.2776,4443617.8616
455328.3255,4443617.8489
455328.3731,4443617.8352
455328.4209,4443617.8218
455328.4687,4443617.8088
455328.5164,4443617.7947
455328.5637,4443617.7791
455328.6108,4443617.7617
455328.6582,4443617.7460
455328.7065,4443617.7336
455328.7551,4443617.7229
455328.8039,4443617.7136
455328.8530,4443617.7050
455328.9024,4443617.6976
455328.9519,4443617.6909
455329.0013,4443617.6837
455329.0507,4443617.6756
455329.1000,4443617.6675
455329.1494,4443617.6595
455329.1985,4443617.6508
455329.2474,4443617.6409
455329.2961,4443617.6299
455329.3445,4443617.6177
455329.3927,4443617.6047
455329.4408,4443617.5908
455329.4888,4443617.5769
455329.5370,4443617.5639
455329.5855,4443617.5523
455329.6343,4443617.5413
455329.6828,4443617.5298
455329.7311,4443617.5175
455329.7793,4443617.5049
455329.8274,4443617.4917
455329.8752,4443617.4772
455329.9224,4443617.4610
455329.9694,4443617.4440
455330.0163,4443617.4270
455330.0634,4443617.4107
455330.1108,4443617.3956
455330.1586,4443617.3815
455330.2064,4443617.3676
455330.2543,4443617.3540
455330.3026,4443617.3413
455330.3506,4443617.3280
455330.3981,4443617.3129
455330.4450,4443617.2961
455330.4918,4443617.2787
455330.5389,4443617.2623
455330.5862,4443617.2465
455330.6334,4443617.2307
455330.6802,4443617.2136
455330.7267,4443617.1959
455330.7736,4443617.1789
455330.8204,4443617.1617
455330.8669,4443617.1436
455330.9130,4443617.1246
455330.9592,4443617.1055
455331.0058,4443617.0878
455331.0525,4443617.0702
455331.0989,4443617.0521
455331.1451,4443617.0333
455331.1913,4443617.0146
455331.2377,4443616.9963
455331.2842,4443616.9780
455331.3307,4443616.9598
455331.3773,4443616.9419
455331.4245,4443616.9257
455331.4724,4443616.9115
455331.5205,4443616.8979
455331.5683,4443616.8838
455331.6159,4443616.8690
455331.6633,4443616.8535
455331.7104,4443616.8371
455331.7574,4443616.8202
455331.8045,4443616.8033
455331.8517,4443616.7869
455331.8989,4443616.7704
455331.9458,4443616.7533
455331.9924,4443616.7356
455332.0387,4443616.7169
455332.0849,4443616.6979
455332.1310,4443616.6787
455332.1772,4443616.6597
455332.2237,4443616.6413
455332.2706,4443616.6239
455332.3176,4443616.6070
455332.3646,4443616.5898
455332.4115,4443616.5726
455332.4585,4443616.5556
455332.5056,4443616.5388
455332.5525,4443616.5214
455332.5991,4443616.5034
455332.6456,4443616.4851
455332.6920,4443616.4667
455332.7385,4443616.4483
455332.7848,4443616.4296
455332.8305,4443616.4094
455332.8759,4443616.3884
455332.9213,4443616.3678
455332.9669,4443616.3476
455333.0128,4443616.3281
455333.0588,4443616.3090
455333.1050,4443616.2901
455333.1510,4443616.2709
455333.1967,4443616.2512
455333.2419,4443616.2301
455333.2861,4443616.2069
455333.3296,4443616.1823
455333.3728,4443616.1569
455333.4156,4443616.1311
455333.4587,4443616.1058
455333.5023,4443616.0813
455333.5461,4443616.0572
455333.5895,4443616.0327
455333.6328,4443616.0080
455333.6763,4443615.9836
455333.7195,4443615.9589
455333.7621,4443615.9331
455333.8039,4443615.9060
455333.8450,4443615.8776
455333.8863,4443615.8495
455333.9282,4443615.8225
455333.9705,4443615.7960
455334.0127,4443615.7691
455334.0544,4443615.7419
455334.0957,4443615.7141
455334.1358,4443615.6848
455334.1750,4443615.6541
455334.2134,4443615.6223
455334.2516,4443615.5902
455334.2908,4443615.5594
455334.3312,4443615.5303
455334.3733,4443615.5034
455334.4164,4443615.4778
455334.4590,4443615.4518
455334.5009,4443615.4247
455334.5419,4443615.3964
455334.5822,4443615.3672
455334.6215,4443615.3366
455334.6601,4443615.3048
455334.6979,4443615.2723
455334.7354,4443615.2393
455334.7731,4443615.2066
455334.8110,4443615.1740
455334.8485,4443615.1409
455334.8855,4443615.1074
455334.9226,4443615.0740
455334.9596,4443615.0404
455334.9963,4443615.0065
455335.0329,4443614.9726
455335.0696,4443614.9387
455335.1066,4443614.9051
455335.1444,4443614.8723
455335.1827,4443614.8401
455335.2207,4443614.8077
455335.2580,4443614.7745
455335.2941,4443614.7400
455335.3289,4443614.7043
455335.3627,4443614.6675
455335.3959,4443614.6302
455335.4292,4443614.5928
455335.4628,4443614.5559
455335.4973,4443614.5197
455335.5324,4443614.4841
455335.5678,4443614.4489
455335.6033,4443614.4136
455335.6383,4443614.3779
455335.6728,4443614.3418
455335.7068,4443614.3051
455335.7404,4443614.2681
455335.7736,4443614.2307
455335.8065,4443614.1930
455335.8393,4443614.1553
455335.8726,4443614.1180
455335.9059,4443614.0807
455335.9386,4443614.0429
455335.9710,4443614.0049
455336.0033,4443613.9668
455336.0355,4443613.9286
455336.0671,4443613.8900
455336.0984,4443613.8511
455336.1297,4443613.8121
455336.1614,4443613.7735
455336.1943,4443613.7357
455336.2272,4443613.6980
455336.2588,4443613.6594
455336.2892,4443613.6199
455336.3185,4443613.5797
455336.3469,4443613.5389
455336.3750,4443613.4978
455336.4033,4443613.4568
455336.4325,4443613.4164
455336.4625,4443613.3766
455336.4937,4443613.3376
455336.5250,4443613.2986
455336.5551,4443613.2587
455336.5839,4443613.2179
455336.6116,4443613.1763
455336.6387,4443613.1343
455336.6657,4443613.0922
455336.6928,4443613.0501
455336.7204,4443613.0085
455336.7490,4443612.9675
455336.7785,4443612.9272
455336.8096,4443612.8880
455336.8411,4443612.8491
455336.8720,4443612.8099
455336.9019,4443612.7701
455336.9308,4443612.7295
455336.9584,4443612.6881
455336.9850,4443612.6459
455337.0113,4443612.6034
455337.0373,4443612.5607
455337.0630,4443612.5178
455337.0887,4443612.4750
455337.1132,4443612.4315
455337.1363,4443612.3872
455337.1586,4443612.3425
455337.1811,4443612.2979
455337.2048,4443612.2540
455337.2303,4443612.2112
455337.2571,4443612.1692
455337.2844,4443612.1275
455337.3115,4443612.0856
455337.3376,4443612.0432
455337.3621,4443611.9998
455337.3851,4443611.9555
455337.4075,4443611.9108
455337.4303,4443611.8662
455337.4546,4443611.8226
455337.4804,4443611.7799
455337.5074,4443611.7379
455337.5349,4443611.6961
455337.5620,4443611.6542
455337.5880,4443611.6116
455337.6126,4443611.5682
455337.6353,4443611.5238
455337.6565,4443611.4786
455337.6768,4443611.4329
455337.6963,4443611.3867
455337.7163,4443611.3408
455337.7382,4443611.2960
455337.7617,4443611.2521
455337.7866,4443611.2090
455337.8126,4443611.1665
455337.8389,4443611.1242
455337.8647,4443611.0816
455337.8895,4443611.0384
455337.9131,4443610.9944
455337.9360,4443610.9499
455337.9591,4443610.9056
455337.9828,4443610.8616
455338.0062,4443610.8175
455338.0293,4443610.7733
455338.0515,4443610.7286
455338.0724,4443610.6834
455338.0917,4443610.6374
455338.1100,4443610.5908
455338.1277,4443610.5439
455338.1463,4443610.4974
455338.1667,4443610.4519
455338.1886,4443610.4071
455338.2119,4443610.3631
455338.2360,4443610.3194
455338.2602,4443610.2757
455338.2838,4443610.2318
455338.3062,4443610.1872
455338.3270,4443610.1419
455338.3459,4443610.0955
455338.3637,4443610.0487
455338.3812,4443610.0019
455338.3981,4443609.9548
455338.4152,4443609.9079
455338.4326,4443609.8610
455338.4502,4443609.8142
455338.4676,4443609.7673
455338.4855,4443609.7207
455338.5040,4443609.6742
455338.5223,4443609.6277
455338.5395,4443609.5809
455338.5556,4443609.5337
455338.5703,4443609.4860
455338.5842,4443609.4381
455338.5978,4443609.3901
455338.6121,4443609.3423
455338.6275,4443609.2949
455338.6447,4443609.2482
455338.6636,4443609.2019
455338.6828,4443609.1558
455338.7015,4443609.1095
455338.7189,4443609.0628
455338.7342,4443609.0153
455338.7471,4443608.9670
455338.7576,4443608.9181
455338.7676,4443608.8692
455338.7775,4443608.8202
455338.7877,4443608.7714
455338.7983,4443608.7226
455338.8103,4443608.6742
455338.8240,4443608.6262
455338.8388,4443608.5785
455338.8537,4443608.5308
455338.8679,4443608.4830
455338.8808,4443608.4348
455338.8930,4443608.3864
455338.9045,4443608.3378
455338.9153,4443608.2890
455338.9260,4443608.2402
455338.9373,4443608.1915
455338.9489,4443608.1429
455338.9607,4443608.0943
455338.9730,4443608.0458
455338.9852,4443607.9974
455338.9970,4443607.9488
455339.0084,4443607.9002
455339.0196,4443607.8515
455339.0312,4443607.8028
455339.0434,4443607.7544
455339.0558,4443607.7060
455339.0682,4443607.6576
455339.0808,4443607.6092
455339.0940,4443607.5610
455339.1068,4443607.5126
455339.1186,4443607.4641
455339.1295,4443607.4153
455339.1396,4443607.3664
455339.1493,4443607.3173
455339.1590,4443607.2683
455339.1686,4443607.2192
455339.1781,4443607.1701
455339.1876,4443607.1210
455339.1976,4443607.0720
455339.2085,4443607.0233
455339.2199,4443606.9746
455339.2312,4443606.9260
455339.2422,4443606.8773
455339.2529,4443606.8285
455339.2634,4443606.7797
455339.2738,4443606.7309
455339.2838,4443606.6819
455339.2929,4443606.6328
455339.3014,4443606.5835
455339.3098,4443606.5343
455339.3176,4443606.4850
455339.3247,4443606.4356
455339.3316,4443606.3861
455339.3389,4443606.3367
455339.3467,4443606.2873
455339.3554,4443606.2381
455339.3645,4443606.1889
455339.3737,4443606.1398
455339.3827,4443606.0906
455339.3914,4443606.0414
455339.3999,4443605.9921
455339.4077,4443605.9427
455339.4150,4443605.8932
455339.4227,4443605.8438
455339.4311,4443605.7946
455339.4399,4443605.7454
455339.4486,4443605.6963
455339.4573,4443605.6472
455339.4657,4443605.5981
455339.4735,4443605.5488
455339.4804,4443605.4994
455339.4862,4443605.4498
455339.4909,4443605.4000
455339.4946,4443605.3500
455339.4984,4443605.3001
455339.5032,4443605.2504
455339.5092,4443605.2010
455339.5155,4443605.1516
455339.5226,4443605.1024
455339.5309,4443605.0533
455339.5412,4443605.0047
455339.5527,4443604.9562
455339.5642,4443604.9078
455339.5745,4443604.8591
455339.5845,4443604.8103
455339.5943,4443604.7614
455339.6030,4443604.7123
455339.6093,4443604.6627
455339.6144,4443604.6129
455339.6204,4443604.5632
455339.6270,4443604.5136
455339.6322,4443604.4640
455339.6363,4443604.4145
455339.6393,4443604.3649
455339.6414,4443604.3152
455339.6430,4443604.2655
455339.6441,4443604.2156
455339.6454,4443604.1657
455339.6485,4443604.1159
455339.6542,4443604.0662
455339.6608,4443604.0166
455339.6672,4443603.9670
455339.6737,4443603.9175
455339.6794,4443603.8678
455339.6843,4443603.8181
455339.6884,4443603.7684
455339.6917,4443603.7185
455339.6949,4443603.6686
455339.6985,4443603.6187
455339.7025,4443603.5689
455339.7068,4443603.5191
455339.7115,4443603.4693
455339.7160,4443603.4195
455339.7203,4443603.3697
455339.7242,4443603.3198
455339.7277,4443603.2699
455339.7308,4443603.2200
455339.7337,4443603.1701
455339.7364,4443603.1202
455339.7391,4443603.0703
455339.7420,4443603.0204
455339.7451,4443602.9705
455339.7483,4443602.9205
455339.7516,4443602.8706
455339.7542,4443602.8207
455339.7552,4443602.7708
455339.7552,4443602.7208
455339.7548,4443602.6709
455339.7547,4443602.6210
455339.7555,4443602.5711
455339.7582,4443602.5214
455339.7624,4443602.4718
455339.7679,4443602.4221
455339.7739,4443602.3725
455339.7793,4443602.3228
455339.7833,4443602.2730
455339.7862,4443602.2231
455339.7879,4443602.1731
455339.7891,4443602.1231
455339.7909,4443602.0731
455339.7934,4443602.0232
455339.7965,4443601.9734
455339.7999,4443601.9235
455339.8037,4443601.8737
455339.8081,4443601.8239
455339.8129,4443601.7741
455339.8177,4443601.7244
455339.8220,4443601.6746
455339.8260,4443601.6248
455339.8298,4443601.5750
455339.8331,4443601.5251
455339.8358,4443601.4752
455339.8380,4443601.4253
455339.8402,4443601.3753
455339.8431,4443601.3254
455339.8467,4443601.2755
455339.8506,4443601.2257
455339.8548,4443601.1759
455339.8592,4443601.1261
455339.8638,4443601.0763
455339.8682,4443601.0265
455339.8721,4443600.9766
455339.8754,4443600.9267
455339.8784,4443600.8769
455339.8812,4443600.8270
455339.8837,4443600.7770
455339.8860,4443600.7271
455339.8882,4443600.6771
455339.8910,4443600.6272
455339.8942,4443600.5773
455339.8976,4443600.5274
455339.9011,4443600.4776
455339.9045,4443600.4277
455339.9070,4443600.3778
455339.9089,4443600.3278
455339.9105,4443600.2779
455339.9121,4443600.2280
455339.9141,4443600.1781
455339.9167,4443600.1282
455339.9204,4443600.0784
455339.9255,4443600.0287
455339.9318,4443599.9791
455339.9388,4443599.9295
455339.9457,4443599.8800
455339.9522,4443599.8304
455339.9573,4443599.7808
455339.9610,4443599.7311
455339.9637,4443599.6813
455339.9655,4443599.6314
455339.9671,4443599.5815
455339.9692,4443599.5316
455339.9716,4443599.4817
455339.9740,4443599.4317
455339.9770,4443599.3818
455339.9806,4443599.3320
455339.9845,4443599.2823
455339.9893,4443599.2326
455339.9950,4443599.1831
455340.0017,4443599.1337
455340.0092,4443599.0843
455340.0173,4443599.0349
455340.0257,4443598.9856
455340.0334,4443598.9362
455340.0410,4443598.8868
455340.0487,4443598.8374
455340.0563,4443598.7881
455340.0641,4443598.7388
