0.5750 -0.0372 0.0000 0.0000
0.5750 0.0753 0.0000 -0.0000
0.5750 -0.0372 0.0000 0.0000
0.5750 0.0753 0.0000 -0.0000
0.5750 -0.0372 0.0000 0.0000
0.5750 0.0753 0.0000 -0.0000
0.5750 -0.0372 0.0000 0.0000
0.5750 0.0753 0.0000 -0.0000
0.5750 -0.0372 0.0000 0.0000
0.5750 0.0753 0.0000 -0.0000
0.5750 -0.0372 0.0000 0.0000
0.5750 0.0753 0.0000 -0.0000
0.5750 -0.0372 0.0000 0.0000
0.5750 0.0753 0.0000 -0.0000
0.5750 -0.0372 0.0000 0.0000
0.5750 0.0753 0.0000 -0.0000
0.5750 -0.0372 0.0000 0.0000
0.5750 0.0753 0.0000 -0.0000
0.5750 -0.0372 0.0000 0.0000
0.5750 0.0753 0.0000 -0.0000
0.5750 -0.0372 0.0000 0.0000
0.5750 0.0753 0.0000 -0.0000
0.5750 -0.0372 0.0000 0.0000
0.5750 0.0753 0.0000 -0.0000
0.5750 -0.0372 0.0000 0.0000
0.5750 -0.0372 0.0000 -0.0000
0.5750 0.0753 0.0000 0.0000
0.5750 -0.0372 0.0000 -0.0000
0.5750 0.0753 0.0000 0.0000
0.5750 -0.0372 0.0000 0.0000
0.5750 0.0753 0.0000 0.0000
0.5750 -0.0372 0.0000 -0.0000
0.5750 0.0753 0.0000 0.0000
0.5750 -0.0372 0.0000 -0.0000
0.5750 0.0753 0.0000 0.0000
0.5750 -0.0372 0.0000 -0.0000
0.5750 0.0753 0.0000 -0.0000
0.5750 -0.0372 0.0000 -0.0000
0.5750 0.0753 0.0000 0.0000
0.5750 -0.0372 0.0000 -0.0000
0.5750 0.0753 0.0000 0.0000
0.5750 -0.0372 0.0000 -0.0000
0.5750 0.0753 0.0000 0.0000
0.5750 -0.0372 0.0000 -0.0000
0.5750 0.0753 0.0000 0.0000
0.5750 -0.0372 0.0000 -0.0000
0.5750 0.0753 0.0000 0.0000
0.5750 -0.0372 0.0000 -0.0000
0.5750 0.0753 0.0000 0.0000
0.5750 -0.0372 0.0000 -0.0000
0.5750 0.0753 0.0000 0.0000
0.5750 -0.0372 0.0000 -0.0000
0.5750 0.0753 0.0000 0.0000
0.5750 -0.0372 0.0000 -0.0000
0.5750 0.0753 0.0000 0.0000
0.5750 0.0753 0.0000 -0.0000
0.5750 0.0753 0.0000 0.0000
0.5750 0.0753 0.0000 -0.0000
0.5750 0.0753 0.0000 0.0000
0.5750 -0.0372 0.0000 -0.0000
0.5750 0.0753 0.0000 0.0000
0.5750 -0.0372 0.0000 -0.0000
0.5750 0.0753 0.0000 0.0000
0.5750 -0.0372 0.0000 -0.0000
0.5750 0.0753 0.0000 0.0000
0.5750 -0.0372 0.0000 -0.0000
0.5750 0.0753 0.0000 0.0000
0.5750 -0.0372 0.0000 -0.0000
0.5750 0.0753 0.0000 0.0000
0.5750 -0.0372 0.0000 -0.0000
0.5750 0.0753 0.0000 0.0000
0.5750 0.0753 0.0000 -0.0000
0.5750 0.0753 0.0000 0.0000
0.5750 -0.0372 0.0000 -0.0000
0.5750 0.0753 0.0000 0.0000
0.5750 -0.0372 0.0000 -0.0000
0.5750 0.0753 0.0000 0.0000
0.5750 -0.0372 0.0000 -0.0000
0.5750 0.0753 0.0000 0.0000
0.5750 -0.0372 0.0000 -0.0000
0.5750 -0.0372 0.0000 0.0000
0.5750 0.0753 0.0000 -0.0000
0.5750 0.0753 0.0000 0.0000
0.5750 -0.0372 0.0000 -0.0000
0.5750 -0.0372 0.0000 0.0000
0.5750 -0.0372 0.0000 -0.0000
0.5750 0.0753 0.0000 0.0000
0.5750 -0.0372 0.0000 -0.0000
0.5750 0.0753 0.0000 0.0000
0.5750 -0.0372 0.0000 -0.0000
0.5750 0.0753 0.0000 0.0000
0.5750 -0.0372 0.0000 -0.0000
0.5750 0.0753 0.0000 0.0000
0.5750 -0.0372 0.0000 -0.0000
0.5750 0.0753 0.0000 0.0000
0.5750 -0.0372 0.0000 -0.0000
0.5750 0.0753 0.0000 -0.0000
0.5750 -0.0372 0.0000 -0.0000
0.5750 0.0753 0.0000 0.0000
0.5750 -0.0372 0.0000 0.0000
0.5750 0.0753 0.0000 -0.0000
0.5750 -0.0372 0.0000 0.0000
0.5750 0.0753 0.0000 -0.0000
0.5750 -0.0372 0.0000 0.0000
0.5750 0.0753 0.0000 -0.0000
0.5750 -0.0372 0.0000 0.0000
0.5750 0.0753 0.0000 -0.0000
0.5750 -0.0372 0.0000 0.0000
0.5750 0.0753 0.0000 -0.0000
0.5750 -0.0372 0.0000 0.0000
0.5750 0.0753 0.0000 -0.0000
0.5750 -0.0372 0.0000 0.0000
0.5750 0.0753 0.0000 -0.0000
0.5750 -0.0372 0.0000 0.0000
0.5750 0.0753 0.0000 -0.0000
0.5750 -0.0372 0.0000 0.0000
0.5750 0.0753 0.0000 -0.0000
0.5750 -0.0372 0.0000 0.0000
0.5750 0.0753 0.0000 -0.0000
0.5750 -0.0372 0.0000 0.0000
0.5750 0.0753 0.0000 -0.0000
0.5750 -0.0372 0.0000 0.0000
0.5750 0.0753 0.0000 -0.0000
0.5750 -0.0372 0.0000 0.0000
0.5750 0.0753 0.0000 -0.0000
0.5750 -0.0372 0.0000 0.0000
0.5750 0.0753 0.0000 -0.0000
0.5750 -0.0372 0.0000 0.0000
0.5750 0.0753 0.0000 -0.0000
0.5750 -0.0372 0.0000 0.0000
0.5750 0.0753 0.0000 -0.0000
0.5750 -0.0372 0.0000 0.0000
0.5750 0.0753 0.0000 -0.0000
0.5750 -0.0372 0.0000 0.0000
0.5750 0.0753 0.0000 -0.0000
0.5750 -0.0372 0.0000 0.0000
0.5750 0.0753 0.0000 -0.0000
0.5750 -0.0372 0.0000 0.0000
0.5750 0.0753 0.0000 -0.0000
0.5750 -0.0372 0.0000 0.0000
0.5750 0.0753 0.0000 -0.0000
0.5750 -0.0372 0.0000 0.0000
0.5750 0.0753 0.0000 -0.0000
0.5750 -0.0372 0.0000 0.0000
0.5750 0.0753 0.0000 -0.0000
0.5750 -0.0372 0.0000 0.0000
0.5750 0.0753 0.0000 -0.0000
0.5750 -0.0372 0.0000 0.0000
0.5750 0.0753 0.0000 -0.0000
0.5750 -0.0372 0.0000 0.0000
0.5750 0.0753 0.0000 -0.0000
0.5750 -0.0372 0.0000 0.0000
0.5750 0.0753 0.0000 -0.0000
0.5750 -0.0372 0.0000 0.0000
0.5750 0.0753 0.0000 -0.0000
0.5750 -0.0372 0.0000 0.0000
0.5750 0.0753 0.0000 -0.0000
0.5750 -0.0372 0.0000 0.0000
0.5750 0.0753 0.0000 -0.0000
0.5750 -0.0372 0.0000 0.0000
0.5750 0.0753 0.0000 -0.0000
0.5750 -0.0372 0.0000 0.0000
0.5750 0.0753 0.0000 -0.0000
0.5750 -0.0372 0.0000 0.0000
0.5750 0.0753 0.0000 -0.0000
0.5750 -0.0372 0.0000 0.0000
0.5750 0.0753 0.0000 -0.0000
0.5750 -0.0372 0.0000 0.0000
0.5750 0.0753 0.0000 -0.0000
0.5750 -0.0372 0.0000 0.0000
0.5750 0.0753 0.0000 -0.0000
0.5750 -0.0372 0.0000 0.0000
0.5750 0.0753 0.0000 -0.0000
0.5750 -0.0372 0.0000 0.0000
0.5750 0.0753 0.0000 -0.0000
0.5750 -0.0372 0.0000 0.0000
0.5750 0.0753 0.0000 -0.0000
0.5750 -0.0372 0.0000 0.0000
0.5750 0.0753 0.0000 -0.0000
0.5750 -0.0372 0.0000 0.0000
0.5750 0.0753 0.0000 -0.0000
0.5750 -0.0372 0.0000 0.0000
0.5750 0.0753 0.0000 -0.0000
0.5750 -0.0372 0.0000 0.0000
0.5750 0.0753 0.0000 -0.0000
0.5750 -0.0372 0.0000 0.0000
0.5750 0.0753 0.0000 -0.0000
0.5750 -0.0372 0.0000 0.0000
0.5750 0.0753 0.0000 -0.0000
0.5750 -0.0372 0.0000 0.0000
0.5750 0.0753 0.0000 -0.0000
0.5750 -0.0372 0.0000 0.0000
0.5750 0.0753 0.0000 -0.0000
0.5750 -0.0372 0.0000 0.0000
0.5750 0.0753 0.0000 -0.0000
0.5750 -0.0372 0.0000 0.0000
0.5750 0.0753 0.0000 -0.0000
0.5750 -0.0372 0.0000 0.0000
0.5750 0.0753 0.0000 -0.0000
0.5750 -0.0372 0.0000 0.0000
